8 0 0 0 0.192661 0.7981650 0.256881 0.0733945 0.284404 0.3761470 0.220183 0.110092 0.275229 0.3853210 0 0 0.201835 0.7889910 0 0 0.192661 0.7981650 0.247706 0.0458716 0.165138 0.532110 0.284404 0.0366972 0.12844 0.5412840 0 0 0.220183 0.7706420 0 0 0.211009 0.779817
8 0 0 0 0.242236 0.7515530 0.254658 0.385093 0.217391 0.1366460 0.26087 0.173913 0.329193 0.2298140 0 0 0.0807453 0.9130430 0 0 0.0186335 0.9751550 0.198758 0.130435 0.447205 0.2173910 0.254658 0.124224 0.354037 0.260870 0 0 0.0807453 0.9130430 0 0 0.0496894 0.944099
8 0 0 0 0 0.9892470 0.139785 0.0537634 0.365591 0.4301080 0.0107527 0.204301 0.365591 0.4086020 0 0 0 0.9892470 0 0 0 0.9892470 0 0.129032 0.0860215 0.7741940 0.107527 0.0430108 0.0860215 0.7526880 0 0 0.139785 0.8494620 0 0 0 0.989247
8 0 0 0 0.0718954 0.9215690 0.0392157 0.0784314 0.346405 0.5294120 0.104575 0.0130719 0.313725 0.5620920 0 0 0.627451 0.3660130 0 0 0.601307 0.3921570 0 0.130719 0.0392157 0.8235290 0.111111 0.0261438 0.104575 0.7516340 0 0 0 0.9934640 0 0 0 0.993464
8 0 0 0 0 0.9948720 0.210256 0.348718 0.205128 0.2307690.0205128 0.261538 0.34359 0.215385 0.1538460 0 0.00512821 0.138462 0.8512820 0 0 0 0.9948720 0.210256 0.0102564 0.466667 0.3076920 0.210256 0.112821 0.4 0.2717950 0 0.00512821 0.338462 0.6512820 0 0 0.153846 0.841026
8 0 0 0 0 0.9953270 0.397196 0.317757 0.135514 0.144860 0.299065 0.299065 0.257009 0.1401870 0 0 0 0.9953270 0 0 0.0233645 0.9719630 0.303738 0.429907 0.0794393 0.1822430 0.341121 0.341121 0.168224 0.144860 0 0 0 0.9953270 0 0 0 0.995327
8 0 0 0 0.0529101 0.9417990 0.37037 0.417989 0.132275 0.07407410.015873 0.222222 0.333333 0.164021 0.2592590 0 0 0.47619 0.5185190 0 0.0634921 0.677249 0.2539680 0.555556 0.248677 0.031746 0.158730 0.116402 0.502646 0.227513 0.1481480 0 0 0.470899 0.5185190 0 0 0.026455 0.968254
8 0 0.196891 0 0.259067 0.538860.0207254 0.518135 0.284974 0.139896 0.03108810 0.196891 0.321244 0.279793 0.1968910 0 0.00518135 0.34715 0.6424870 0 0.00518135 0.523316 0.4663210 0.445596 0.227979 0.290155 0.03108810 0.373057 0.186528 0.233161 0.2020730 0 0.119171 0.165803 0.7098450 0 0.0621762 0.818653 0.11399
8 0 0 0 0 0.9827590 0.0948276 0.37069 0.258621 0.2672410 0.0431034 0.422414 0.206897 0.3189660 0 0 0.137931 0.8534480 0 0 0.181034 0.8103450 0.112069 0.310345 0.0431034 0.5258620 0.0775862 0.310345 0.0948276 0.5086210 0 0 0 0.9913790 0 0 0 0.991379
8 0 0 0 0.0251572 0.9685530.0251572 0.113208 0.283019 0.301887 0.270440 0.150943 0.232704 0.238994 0.3710690 0 0 0.18239 0.8113210 0 0 0.0691824 0.9245280 0 0.188679 0.106918 0.6981130 0.0188679 0.18239 0.169811 0.6226420 0 0 0 0.9937110 0 0 0.081761 0.91195
8 0 0 0 0 0.9950740.00985222 0.197044 0.123153 0.187192 0.4778330 0.00985222 0.261084 0.231527 0.4926110 0 0 0 0.9950740 0 0 0 0.9950740 0 0.157635 0.128079 0.709360 0.167488 0.00985222 0.334975 0.4827590 0 0 0 0.9950740 0 0 0 0.995074
8 0 0 0 0.0257732 0.9690720 0.149485 0.128866 0.216495 0.50 0.185567 0.0412371 0.283505 0.4845360 0 0 0 0.9948450 0 0 0 0.9948450 0.0876289 0.103093 0.056701 0.7474230 0.164948 0.0309278 0.113402 0.6855670 0 0 0 0.9948450 0 0 0.056701 0.938144
10 0 0 0 0 0.9904760 0 0 0 0.9904760 0.4 0.333333 0.2 0.05714290 0 0 0 0.9904760 0 0 0 0.9904760 0 0 0 0.9714290 0.67619 0.0571429 0.0666667 0.1904760 0 0 0 0.9904760 0 0 0 0.990476
10 0 0 0 0.0105263 0.9789470.0421053 0.0947368 0.305263 0.0842105 0.4631580 0 0.589474 0.263158 0.1368420 0 0 0 0.9894740 0 0 0 0.9894740 0 0.0315789 0.273684 0.6842110 0 0.642105 0.168421 0.1789470 0 0 0 0.9894740 0 0 0 0.989474
10 0 0 0 0 0.9824560 0 0.491228 0.45614 0.03508770 0 0.0526316 0.842105 0.08771930 0 0 0 0.9824560 0 0 0.280702 0.7017540 0 0 0 0.9824560 0 0 0 0.9824560 0 0 0 0.9824560 0 0 0 0.982456
10 0 0 0 0.156863 0.8235290.0784314 0.352941 0.431373 0 0.1176470 0 0.235294 0.137255 0.6078430 0 0 0.0980392 0.8823530 0 0 0 0.9803920 0 0.431373 0.352941 0.1960780 0 0.294118 0.215686 0.4705880 0 0 0.313725 0.6666670 0 0 0.0784314 0.901961
10 0 0 0 0 0.9920 0 0 0.232 0.760 0.008 0.656 0.288 0.040 0 0 0 0.9920 0 0 0.088 0.9040 0 0 0 0.9920 0 0.44 0.44 0.1120 0 0 0 0.9920 0 0 0.088 0.904
10 0 0 0 0 0.9913790 0 0 0 0.9913790 0.206897 0.568966 0.146552 0.06896550 0 0 0 0.9655170 0 0 0 0.9913790 0 0 0 0.9913790 0 0.655172 0.25 0.08620690 0 0 0 0.9741380 0 0 0 0.991379
10 0 0 0 0 0.9913790 0 0.413793 0.422414 0.1551720 0.0862069 0.310345 0.448276 0.1465520 0 0 0 0.9913790 0 0 0.146552 0.8448280.413793 0.258621 0.0862069 0.215517 0.01724140 0 0.12931 0.543103 0.3189660 0 0 0.568966 0.4224140 0 0 0.0517241 0.939655
10 0 0 0 0 0.9840 0 0 0 0.9920 0 0.224 0.576 0.1920 0 0 0 0.9920 0 0 0 0.9920 0 0 0 0.9920 0 0 0.616 0.3760 0 0 0 0.9840 0 0 0 0.992
10 0 0 0 0 0.9918030 0 0.0163934 0.434426 0.5409840 0.237705 0.360656 0.336066 0.0573770 0 0 0 0.9918030 0 0 0.0819672 0.9098360 0 0.368852 0.368852 0.2540980 0.303279 0.286885 0.319672 0.08196720 0 0 0 0.9918030 0 0 0 0.991803
10 0 0 0 0 0.9900990 0 0.19802 0.514851 0.2772280 0.0990099 0.524752 0.217822 0.1485150 0 0 0 0.9900990 0 0 0 0.9900990 0 0.405941 0.267327 0.3168320 0 0.316832 0.49505 0.1782180 0 0 0 0.9900990 0 0 0 0.990099
10 0 0 0 0 0.9916670 0 0 0 0.9916670 0.241667 0.641667 0.05 0.05833330 0 0 0 0.9916670 0 0 0 0.9916670 0 0 0 0.9916670 0.0416667 0.691667 0.1 0.1583330 0 0 0 0.9916670 0 0 0 0.991667
10 0 0 0 0 0.9937110 0 0 0.742138 0.2515720 0.704403 0.220126 0.0251572 0.04402520 0 0 0 0.9937110 0 0 0 0.9937110 0 0 0.0251572 0.9685530 0.0188679 0.805031 0.113208 0.05660380 0 0 0 0.9937110 0 0 0 0.993711
12 0 0 0.00497512 0.472637 0.5174130.039801 0.0895522 0.174129 0.522388 0.1691540 0.328358 0.303483 0.328358 0.03482590 0 0 0.477612 0.5174130 0 0.0597015 0.761194 0.1741290 0.0298507 0.482587 0.159204 0.3233830 0.0348259 0.248756 0.60199 0.1094530 0 0.338308 0.338308 0.3184080 0 0.850746 0.0895522 0.0547264
12 0 0.0789474 0.0473684 0.315789 0.5421050 0.0526316 0.636842 0.0631579 0.2421050 0.615789 0.0421053 0.178947 0.1578950 0.1 0.215789 0.594737 0.08421050 0.0578947 0.542105 0.368421 0.02631580.0105263 0.0894737 0.594737 0.0947368 0.2052630 0.531579 0.131579 0.210526 0.1210530 0 0.826316 0.105263 0.06315790.0105263 0.205263 0.694737 0.0526316 0.0315789
12 0 0 0.0153846 0.415385 0.5615380 0.0230769 0.169231 0.330769 0.4692310 0.246154 0.269231 0.284615 0.1923080 0 0 0.446154 0.5461540 0 0.0230769 0.353846 0.6153850 0.3 0.223077 0.338462 0.1307690.1 0.0384615 0.4 0.0769231 0.3769230 0 0 0.0461538 0.9461540 0 0.00769231 0.246154 0.738462
12 0.0116279 0.104651 0.174419 0.354651 0.3488370.0174419 0.395349 0.401163 0.174419 0.005813950 0.0813953 0.540698 0.325581 0.04651160 0 0.168605 0.534884 0.2906980.0232558 0.383721 0.133721 0.122093 0.3313950.174419 0.383721 0.401163 0.0290698 0.005813950.133721 0.238372 0.383721 0.180233 0.05813950 0 0.133721 0.616279 0.2441860 0 0.174419 0.47093 0.348837
12 0 0 0.0138889 0.180556 0.7986110 0.0277778 0.173611 0.486111 0.3055560 0 0.326389 0.520833 0.1458330 0.145833 0.138889 0.611111 0.09722220 0 0 0.409722 0.5833330 0.25 0.368056 0.291667 0.08333330 0 0.409722 0.402778 0.1805560 0 0.0347222 0.611111 0.3472220 0 0.0972222 0.611111 0.284722
12 0.00561798 0.0786517 0.0786517 0.235955 0.5955060 0.0337079 0.595506 0.280899 0.08426970 0.129213 0.438202 0.241573 0.1853930 0.00561798 0.140449 0.606742 0.2415730 0 0.0842697 0.702247 0.2078650.011236 0.353933 0.483146 0.134831 0.0112360 0.241573 0.235955 0.370787 0.1460670 0 0.657303 0.258427 0.07865170 0.00561798 0.0842697 0.398876 0.505618
12 0 0 0.167598 0.446927 0.3798880 0 0.346369 0.49162 0.1564250.0502793 0.0446927 0.217877 0.391061 0.2905030 0 0.24581 0.284916 0.4636870 0.0558659 0.312849 0.49162 0.1340780.100559 0.24581 0.329609 0.0670391 0.2513970.0167598 0.290503 0.391061 0.178771 0.1173180 0 0.0670391 0.530726 0.3966480 0 0.189944 0.541899 0.26257
12 0.0242718 0.257282 0.0970874 0.150485 0.4660190.0339806 0.398058 0.247573 0.203883 0.111650 0.126214 0.699029 0.121359 0.04854370 0 0.0679612 0.5 0.4271840 0 0.0291262 0.364078 0.6019420 0.257282 0.237864 0.417476 0.08252430.0291262 0.291262 0.436893 0.228155 0.009708740 0 0.038835 0.446602 0.5097090 0 0.218447 0.665049 0.11165
12 0 0.0324324 0.145946 0.372973 0.4432430.0972973 0.556757 0.194595 0.0162162 0.129730.00540541 0.378378 0.427027 0.108108 0.07567570 0 0.027027 0.708108 0.2594590 0 0.027027 0.443243 0.5243240.027027 0.589189 0.178378 0.118919 0.08108110.0216216 0.189189 0.302703 0.383784 0.09729730 0 0.0972973 0.745946 0.1513510 0 0 0.616216 0.378378
12 0 0 0.0793651 0.349206 0.5661380 0 0.439153 0.455026 0.1005290 0.386243 0.481481 0.0740741 0.05291010.0952381 0.126984 0.0846561 0.613757 0.07407410 0 0 0.185185 0.8095240 0.015873 0.677249 0.253968 0.0476190.031746 0.37037 0.285714 0.291005 0.0158730 0 0.291005 0.671958 0.0317460 0 0.00529101 0.343915 0.645503
12 0 0.00543478 0.309783 0.353261 0.3260870.0108696 0.0380435 0.0543478 0.701087 0.1902170 0.0706522 0.456522 0.266304 0.2010870 0 0.13587 0.793478 0.06521740 0.0978261 0.440217 0.293478 0.1630430.0163043 0.211957 0.48913 0.222826 0.05434780.0217391 0.211957 0.554348 0.152174 0.05434780 0 0.0326087 0.684783 0.2771740 0 0.0271739 0.804348 0.163043
12 0.010989 0.186813 0.17033 0.373626 0.2527470 0.296703 0.302198 0.291209 0.1043960.00549451 0.43956 0.412088 0.115385 0.0219780 0.0604396 0.362637 0.516484 0.05494510 0 0.0714286 0.395604 0.5274730.00549451 0.0714286 0.417582 0.412088 0.08791210.0604396 0.725275 0.120879 0.0769231 0.0109890 0 0.142857 0.467033 0.3846150 0 0.0934066 0.71978 0.181319
13 0 0 0.00389105 0.350195 0.6420230.0077821 0.0233463 0.373541 0.48249 0.1089490 0.0155642 0.116732 0.533074 0.3307390 0 0.0350195 0.0389105 0.9221790 0 0.0194553 0.143969 0.8326850 0.00389105 0.455253 0.498054 0.03891050 0 0.365759 0.486381 0.1439690 0 0.00389105 0.638132 0.3540860 0 0 0.536965 0.459144
13 0 0 0 0 0.9964410 0 0.0711744 0.597865 0.3274020 0 0.234875 0.697509 0.06405690 0.213523 0.516014 0.160142 0.1067620 0.0925267 0.434164 0.448399 0.02135230 0 0.174377 0.6121 0.2099640 0 0.131673 0.715302 0.1494660 0 0 0.202847 0.7935940 0 0.00711744 0.782918 0.206406
13 0 0 0.0375 0.0291667 0.9291670 0.0541667 0.183333 0.420833 0.33750.0125 0.120833 0.233333 0.295833 0.3333330 0 0.025 0.520833 0.450 0 0 0.366667 0.6291670.0375 0.0291667 0.191667 0.5375 0.20 0.0375 0.404167 0.329167 0.2250 0 0.0375 0.179167 0.7791670 0 0.0833333 0.191667 0.720833
13 0 0 0 0.270195 0.7270190.0111421 0.0696379 0.651811 0.245125 0.01949860 0.130919 0.183844 0.437326 0.2451250 0.0167131 0.0389972 0.682451 0.2590530 0.0334262 0.470752 0.32312 0.1699160 0.0278552 0.451253 0.43454 0.08356550 0.091922 0.350975 0.509749 0.04456820 0 0.0194986 0.785515 0.1922010 0 0.00278552 0.830084 0.164345
13 0 0 0 0.040293 0.9560440 0 0.025641 0.750916 0.219780 0 0.003663 0.681319 0.3113550 0 0 0.245421 0.7509160 0 0 0.377289 0.6190480 0 0.164835 0.673993 0.1575090 0 0.021978 0.604396 0.3699630 0 0 0.296703 0.6996340 0 0 0.355311 0.641026
13 0 0 0 0.0320285 0.9644130 0 0.181495 0.743772 0.07117440 0 0.128114 0.75089 0.1174380 0.370107 0.266904 0.256228 0.1032030 0.0462633 0.174377 0.601423 0.1743770 0.0498221 0.088968 0.69395 0.1637010 0.0142349 0.629893 0.30605 0.04626330 0 0.0284698 0.683274 0.2846980 0 0 0.882562 0.113879
13 0 0 0 0.107759 0.8879310 0.0431034 0.413793 0.413793 0.1250 0.0948276 0.340517 0.353448 0.2068970 0 0 0.0560345 0.9396550 0 0 0.176724 0.8189660 0 0.202586 0.62931 0.1637930 0 0.280172 0.413793 0.3017240 0 0 0.491379 0.504310 0 0 0.625 0.37069
13 0 0 0 0.390152 0.6060610 0.102273 0.537879 0.333333 0.02272730 0.0151515 0.356061 0.541667 0.08333330 0.212121 0.526515 0.0416667 0.2159090.00757576 0.522727 0.344697 0.094697 0.02651520 0 0.19697 0.458333 0.3409090 0.0113636 0.132576 0.670455 0.1818180 0 0.00378788 0.291667 0.7007580 0.0151515 0.314394 0.507576 0.159091
13 0 0.00320513 0.0544872 0.573718 0.3653850.00320513 0.025641 0.375 0.451923 0.1410260.0160256 0.301282 0.407051 0.237179 0.03525640 0 0.0576923 0.144231 0.7948720 0 0.0544872 0.214744 0.7275640.00320513 0.419872 0.423077 0.105769 0.04487180.00320513 0.36859 0.455128 0.150641 0.01923080 0 0 0.291667 0.7051280 0 0.0512821 0.644231 0.301282
13 0 0 0 0.213287 0.7832170 0.199301 0.664336 0.115385 0.01748250 0 0.412587 0.41958 0.1643360 0 0.122378 0.51049 0.3636360 0.269231 0.241259 0.447552 0.03846150 0.00699301 0.395105 0.461538 0.1328670.013986 0.153846 0.283217 0.346154 0.1993010 0 0.0174825 0.734266 0.2447550 0 0 0.395105 0.601399
